8.426473811089196103e-03
1.422309883848345453e-02
2.229892614507998985e-03
5.928117466579004707e-03
1.928555774709620873e-03
7.232084155161078165e-03
1.727481919789611992e-02
5.435020819636204002e-03
6.103440718825334232e-03
4.909051062897217162e-03
2.838045145737453333e-03
7.396449704142011661e-04
7.506026736795967614e-04
7.171816787201402282e-03
2.514792899408284030e-03
4.026955950032873148e-03
6.103440718825334232e-03
2.372342756958141508e-03
1.553802323033092250e-02
1.101249178172255053e-03
1.885272846811308217e-02
9.670173131711593678e-03
2.076484768792461084e-03
1.564212141135217990e-02
1.161516546131930762e-02
1.196033311417926855e-02
1.008108700416392688e-02
4.870699101468332036e-03
9.637300021915406675e-03
7.012930089853166909e-04
1.416283147052377865e-02
1.425597194827963980e-02
3.731097961867192725e-03
1.107275914968222641e-02
3.117466579005040688e-03
2.805172035941266764e-03
5.845934692088538068e-03
9.527722989261451156e-03
2.476440937979399338e-03
6.618452772298926562e-03
1.187815033968880191e-01
1.520929213236905594e-02
3.079114617576155996e-03
1.086456278763970988e-02
5.199430199430199462e-03
4.531010300241069232e-03
2.399737015121630387e-03
3.287310979618672090e-03
1.616261231645846948e-03
3.539338154722770132e-03
2.388779311856235009e-03
4.675651983344290830e-02
3.747534516765285793e-03
3.703703703703703845e-03
2.816129739206662142e-03
1.122068814376506705e-02
6.108919570458032355e-03
1.873767258382642896e-03
1.365329826868288444e-02
3.210607056760902706e-03
4.788516326977865396e-03
6.711593250054788580e-03
2.542187157571772910e-03
1.408064869603331071e-03
3.643436335744027962e-03
3.835196142888450772e-04
5.588428665351742770e-04
1.177953101030024003e-03
6.147271531886916614e-03
5.741836511067280671e-03
9.204470742932281636e-04
3.561801446416831135e-02
8.431952662721894226e-03
1.244247205785667387e-02
8.026517641902257416e-03
6.793776024545255003e-04
2.243589743589743599e-02
5.144641683103221702e-03
4.421433267587113712e-03
1.456278763971071734e-02
3.413324567170721111e-03
3.813280736357659365e-03
1.091387245233399125e-02
3.758492220030681605e-03
7.916940609248301897e-03
7.763532763532763128e-03
1.122068814376506705e-02
1.230550076703922774e-02
3.670830593907516842e-04
1.071115494192417285e-02
2.640806486960333051e-03
1.574074074074073917e-02
9.122287968441814346e-03
3.347578347578347539e-03
4.240631163708086931e-03
8.393600701293009100e-03
9.374315143545912388e-03
1.682007451238220520e-03
3.090072320841551808e-03
4.081744466359850908e-03
1.340674994521148453e-02
8.382642998027613071e-04
4.836182336182336117e-02
1.331360946745562121e-03
6.558185404339250679e-03
1.758711374095989471e-03
7.779969318430856413e-04
3.309226386149463281e-03
1.545036160420775904e-03
1.128643436335744106e-02
2.772298926145080195e-03
2.349879465264080591e-02
2.613412228796844171e-03
6.076046460661845353e-03
6.645847030462415442e-03
2.465483234714004068e-04
8.903133903133903307e-03
7.253999561691869789e-03
3.177733946964716137e-04
2.870918255533640336e-03
4.777558623712470018e-03
3.111987727372342565e-03
8.097742713127327810e-03
3.846153846153846367e-03
5.533640149024764794e-04
